1.08333126373 61.4868729273 0.0
1.05695812368 58.9273858638 0.05
0.939379533243 65.1537572208 0.1
0.841166446187 65.3409926512 0.15
0.661804205506 68.1427408537 0.2
0.640886458789 69.9460858948 0.25
0.458220836462 72.1872444166 0.3
0.269070670227 66.3730054688 0.35
0.242230897492 68.4451709391 0.4
0.0553824069374 82.0401598624 0.45
-0.00550238049426 68.8791056272 0.5
0.0938053878062 59.3734252957 0.55
0.1045909197 65.5038645848 0.6
1.11836661329 62.4018111543 0.0
1.00718841109 61.6309283245 0.05
0.987549527511 61.8784095285 0.1
0.824549602922 66.1485500902 0.15
0.741340329943 64.813076933 0.2
0.671479741406 69.3638228833 0.25
0.504714448712 73.6742507121 0.3
0.393550574137 75.0997971323 0.35
0.260771685251 67.0080591149 0.4
0.283197862133 78.092577347 0.45
0.0631266831722 73.8818110892 0.5
-0.213740257017 62.4176687624 0.55
0.108279546513 63.5502716215 0.6
0 0 0.65
0 0 0.7
0 0 0.75
0 0 0.8
0 0 0.85
0 0 0.9
0 0 0.95
0 0 1.0
