0.668393595617 65.6997436302 0.2
0.65048397609 63.0463873089 0.2
0.719105290839 65.955264542 0.2
0.558307324403 68.6843581036 0.2
1.06835808924 57.6467723423 0.2
0 0 0.2
1.04834260678 56.7714064766 0.2
0.725760115338 66.2880057669 0.2
0 0 0.2
0.584182129664 79.964924558 0.2
1.94679894022 34.7154369096 0.2
-0.615182942902 215.971215247 0.2
1.11678348598 67.5732484585 0.2
-1.01166343081 164.980053063 0.2
-1.52939663683 146.823141901 0.2
0 0 0.2
0.588801415374 64.7235189482 0.2
1.02909213278 56.1329908067 0.2
0 0 0.2
